0 0.2890625 0.490625 0.5609375 0.9734375
0 0.65546875 0.48671875 0.5171875 0.9734375
0 0.78828125 0.23984375 0.3703125 0.4796875
0 0.31796875 0.296875 0.2703125 0.521875
0 0.9484375 0.5671875 0.103125 0.30625
0 0.78671875 0.85703125 0.1734375 0.23125
0 0.934375 0.228125 0.121875 0.4296875
0 0.80546875 0.0984375 0.2015625 0.196875
0 0.86171875 0.7546875 0.203125 0.4
0 0.07890625 0.13515625 0.096875 0.1671875
0 0.35625 0.17265625 0.10625 0.2125
0 0.24453125 0.13984375 0.134375 0.2265625
0 0.87109375 0.66015625 0.1109375 0.2046875
0 0.1671875 0.2515625 0.14375 0.25
0 0.14609375 0.11328125 0.0875 0.14375
0 0.05859375 0.18671875 0.1171875 0.2515625