0 0.7078125 0.4609375 0.4375 0.921875
0 0.34296875 0.503125 0.38984375 0.940625
0 0.17421875 0.253125 0.303125 0.5015625
0 0.65234375 0.2734375 0.20234375 0.49921875
0 0.05 0.63203125 0.09375 0.29609375
0 0.265625 0.89375 0.1453125 0.2125
0 0.03203125 0.29140625 0.0640625 0.42421875
0 0.1375 0.11640625 0.1703125 0.2328125
0 0.17734375 0.80234375 0.1515625 0.38203125
0 0.86640625 0.0796875 0.075 0.15859375
0 0.596875 0.15546875 0.078125 0.203125
0 0.703125 0.1078125 0.10625 0.2140625
0 0.1546875 0.71015625 0.08515625 0.19453125
0 0.7953125 0.2078125 0.1125 0.23671875
0 0.796875 0.06796875 0.06875 0.1359375
0 0.925 0.12421875 0.15 0.2328125