0 0.6921875 0.45703125 0.615625 0.9140625
0 0.34609375 0.5171875 0.5765625 0.965625
0 0.16484375 0.3265625 0.3296875 0.553125
0 0.60078125 0.25546875 0.3015625 0.5109375
0 0.0875 0.72265625 0.153125 0.309375
0 0.35234375 0.90703125 0.1859375 0.1859375
0 0.0375 0.3921875 0.075 0.428125
0 0.08671875 0.2 0.1734375 0.2625
0 0.246875 0.8296875 0.228125 0.340625
0 0.7703125 0.0484375 0.10625 0.096875
0 0.5234375 0.14296875 0.11875 0.215625
0 0.61640625 0.09453125 0.1484375 0.1890625
0 0.20625 0.77734375 0.1234375 0.2078125
0 0.728125 0.153125 0.159375 0.2546875
0 0.70078125 0.04453125 0.0953125 0.0890625
0 0.83671875 0.08671875 0.1953125 0.1734375