0 0.659375 0.4453125 0.2796875 0.446875
0 0.8890625 0.47109375 0.221875 0.2453125
0 0.9046875 0.640625 0.190625 0.165625
0 0.85546875 0.78984375 0.190625 0.2546875
0 0.42890625 0.62578125 0.2125 0.328125
0 0.515625 0.22890625 0.559375 0.4578125
0 0.3140625 0.46796875 0.375 0.2734375
0 0.07734375 0.58515625 0.1421875 0.165625
0 0.4796875 0.7453125 0.1625 0.134375
0 0.22421875 0.55078125 0.134375 0.10625
0 0.3265625 0.6875 0.1515625 0.21875
0 0.61640625 0.76328125 0.0984375 0.1
0 0.61953125 0.91328125 0.0921875 0.1359375
0 0.425 0.89765625 0.10625 0.08125
0 0.64765625 0.83046875 0.078125 0.125
0 0.70859375 0.72578125 0.115625 0.1328125
0 0.78359375 0.83046875 0.0875 0.0765625
0 0.26640625 0.3 0.1734375 0.1234375
0 0.12578125 0.19140625 0.140625 0.234375