0 0.10546875 0.4703125 0.17890625 0.19140625
0 0.1546875 0.2921875 0.14609375 0.19140625
0 0.38359375 0.6 0.24765625 0.0890625
0 0.80703125 0.61640625 0.14921875 0.1125
0 0.68125 0.45234375 0.1734375 0.11328125
0 0.46171875 0.465625 0.084375 0.10625
0 0.36796875 0.23828125 0.12890625 0.1375
0 0.19453125 0.803125 0.10078125 0.18984375
0 0.5671875 0.6453125 0.09765625 0.12265625
0 0.6546875 0.71328125 0.17421875 0.1171875
0 0.0390625 0.2078125 0.06171875 0.11953125
0 0.4640625 0.909375 0.146875 0.16640625