0 0.6671875 0.5171875 0.19140625 0.4140625
0 0.89765625 0.4375 0.2046875 0.20390625
0 0.88828125 0.265625 0.2234375 0.11875
0 0.78125 0.1375 0.14296875 0.22890625
0 0.40234375 0.39375 0.1484375 0.30234375
0 0.58359375 0.7890625 0.47734375 0.421875
0 0.32578125 0.5734375 0.33828125 0.20234375
0 0.06875 0.5125 0.11328125 0.14375
0 0.425 0.265625 0.1421875 0.10546875
0 0.21953125 0.5125 0.11875 0.08125
0 0.2890625 0.35625 0.109375 0.19921875
0 0.55390625 0.2171875 0.08203125 0.084375
0 0.5234375 0.0703125 0.065625 0.12421875
0 0.3375 0.1296875 0.0953125 0.0609375
0 0.56953125 0.14453125 0.05390625 0.11640625
0 0.65234375 0.2328125 0.0921875 0.115625
0 0.7015625 0.1140625 0.07578125 0.06171875
0 0.3171875 0.74765625 0.15625 0.09140625
0 0.2046875 0.88515625 0.09375 0.21953125