0 0.6671875 0.51484375 0.2671875 0.44375
0 0.878125 0.6375 0.2390625 0.2390625
0 0.83671875 0.80390625 0.2421875 0.159375
0 0.70625 0.89140625 0.184375 0.2171875
0 0.38359375 0.5859375 0.203125 0.325
0 0.63671875 0.2421875 0.5484375 0.484375
0 0.34296875 0.39453125 0.3703125 0.2625
0 0.07890625 0.40546875 0.1390625 0.1625
0 0.38203125 0.715625 0.159375 0.13125
0 0.22734375 0.434375 0.1328125 0.103125
0 0.265625 0.60078125 0.1453125 0.2171875
0 0.49921875 0.78828125 0.096875 0.0984375
0 0.44140625 0.9265625 0.0875 0.134375
0 0.26953125 0.8328125 0.1046875 0.078125
0 0.50078125 0.8625 0.075 0.125
0 0.5984375 0.79140625 0.1125 0.13125
0 0.62421875 0.9171875 0.0859375 0.075
0 0.36796875 0.221875 0.1703125 0.1203125
0 0.2828125 0.090625 0.134375 0.18125